10
5
0.16571042403503378
4	4	0.2932835958458482
1	1	0.8372827243090082
1	1	0.05853246402083068
9	1	0.4843390899544149
2	0	0.5955231563572128
7	0	0.006205784750928922
7	0	0.006205784750928922
7	0	0.8475604293471357
5	3	-0.602478490388324
7	0	0.8475604293471357
5	3	0.5276663532705423
2	0	0.7770184225184857
3	1	0.003975582329665217
7	0	0.328933817005594
3	1	0.003975582329665217
7	0	0.328933817005594
3	1	0.15563837169550165
4	4	0.8004408220169392
3	1	0.003975582329665217
7	0	0.45269404884391506
8	1	0.28557038183521644
3	1	0.7437718854901847
9	1	0.052243266268017896
9	1	0.287953799647068
5	3	0.5276663532705423
2	0	0.8291207728004868
5	3	0.8502814850107456
1	1	0.37455112194451523
7	0	0.006205784750928922
7	0	0.45269404884391506
8	1	0.09133434151315178
5	3	0.5276663532705423
2	0	0.7770184225184857
3	1	0.7437718854901847
9	1	-0.2059665041005614
4	4	0.2932835958458482
1	1	-0.21734335205955158
0	0	-0.8006047142326982
4	4	0.6096847908817431
6	1	0.9276268739789146
9	1	-0.6607879940927717
8	1	0.28557038183521644
3	1	0.003975582329665217
7	0	0.8475604293471357
5	3	-0.21188398761880745
3	1	0.003975582329665217
7	0	0.24482280808059853
9	1	0.06042775020323932
7	0	0.5145639748387381
6	1	0.6314869195211026
6	1	0.31573044914929116
1	1	0.9467396039897675
5	3	0.9260232369739629
5	3	0.5276663532705423
2	0	0.2968246634215741
0	0	0.7205669043681562
1	1	-0.21734335205955158
0	0	0.7067508409918879
7	0	0.5145639748387381
6	1	0.31573044914929116
1	1	0.4207881741718622
3	1	0.003975582329665217
7	0	0.45269404884391506
8	1	-0.23121165833391388
7	0	0.3934325453409868
0	0	-0.14159725869459638
9	1	0.8545750473821638
1	1	0.37455112194451523
7	0	0.24482280808059853
9	1	-0.6607879940927717
8	1	0.8537446107961542
1	1	0.8372827243090082
1	1	0.4207881741718622
3	1	0.5650693072615482
6	1	0.31573044914929116
1	1	0.22865054519730021
6	1	0.31573044914929116
1	1	0.22865054519730021
6	1	0.31573044914929116
1	1	-0.21734335205955158
0	0	0.7205669043681562
1	1	0.37455112194451523
7	0	-0.4037755463837587
1	1	0.1152643406745637
2	0	0.5955231563572128
7	0	0.24482280808059853
9	1	0.287953799647068
5	3	0.5276663532705423
2	0	0.8291207728004868
5	3	-0.602478490388324
7	0	0.24482280808059853
9	1	0.4843390899544149
2	0	0.2968246634215741
0	0	0.6165282431445691
0	0	-0.752602024172458
8	1	0.36802057202465677
9	1	-0.6607879940927717
8	1	0.9152670093926618
8	1	0.9152670093926618
8	1	0.3436505379787911
0	